nm	OxyHb	DeoxyHb	metHb	Hemichrome	HbCO	Hemin
450	1.575105717	1.437061859	1.083216006	1.686122979	1.048407874	0.77710637
452	1.449143617	1.131436001	1.035377614	1.579160914	0.979400927	0.758330071
454	1.34045694	0.909618418	0.995699674	1.477790213	0.92131751	0.739920736
456	1.243975332	0.751947204	0.963248099	1.378162275	0.873028906	0.723162736
458	1.16234262	0.638722933	0.937116295	1.288010609	0.832718284	0.708361875
460	1.091285219	0.553673891	0.914702684	1.206863218	0.796088434	0.694845386
462	1.019720783	0.489044526	0.895657053	1.123864141	0.76355076	0.682368627
464	0.964924734	0.440873843	0.879866145	1.061778217	0.7350044	0.671298562
466	0.914619571	0.406845302	0.866734545	1.007207958	0.711691537	0.660534299
468	0.868008524	0.380952621	0.855615156	0.959281982	0.689472224	0.652889226
470	0.826069446	0.362656855	0.846481588	0.9190169	0.668547517	0.647262452
472	0.787100148	0.350399243	0.840668719	0.883108726	0.649918065	0.63967854
474	0.75519313	0.342702471	0.838520711	0.858637432	0.633558652	0.635274978
476	0.7245537	0.338215993	0.840974398	0.8339846	0.619448708	0.63129954
478	0.697318652	0.336281885	0.84655196	0.815032055	0.607393146	0.627935708
480	0.673560418	0.336376785	0.854388586	0.799383498	0.598589692	0.625244642
482	0.651468157	0.33967206	0.863980124	0.782573098	0.590174422	0.624877679
484	0.630969437	0.34345954	0.874390291	0.767215002	0.584321156	0.625672766
486	0.616156758	0.34805579	0.885826906	0.755306123	0.579052487	0.630626774
488	0.60235815	0.353826244	0.898430712	0.739076644	0.572865452	0.621941971
490	0.587690337	0.362556285	0.910611184	0.724081623	0.565013547	0.617721891
492	0.575557703	0.37146267	0.921377612	0.710357366	0.560803258	0.615091986
494	0.565996462	0.382733752	0.930542517	0.699428791	0.559117814	0.610627263
496	0.555819536	0.396839067	0.937758435	0.688790677	0.55886367	0.60714111
498	0.546584247	0.412692941	0.940398501	0.682473162	0.559947265	0.60298219
500	0.538652763	0.428827973	0.940162643	0.679750095	0.563581584	0.596071044
502	0.530141811	0.446312844	0.936153615	0.681129782	0.569399017	0.589098738
504	0.523695217	0.465677998	0.928229573	0.687447297	0.577791727	0.58200411
506	0.516922671	0.486506303	0.917035963	0.69884787	0.590037068	0.573686271
508	0.513663157	0.508154709	0.903821345	0.715876115	0.607310867	0.564756826
510	0.512395569	0.528658656	0.886888536	0.738423108	0.629147307	0.557234074
512	0.51670537	0.548398452	0.866712001	0.763439016	0.656896733	0.548121147
514	0.528801788	0.567842218	0.846856539	0.79607951	0.69196191	0.540231432
516	0.549191858	0.588693894	0.828064359	0.830172307	0.737606889	0.531913592
518	0.580048588	0.609672339	0.810112799	0.867678014	0.793483965	0.523779235
520	0.622893086	0.631880938	0.792804487	0.900681584	0.858680079	0.515155593
522	0.68207137	0.656530717	0.776982242	0.933467308	0.930351877	0.508183286
524	0.75689532	0.684478606	0.762223281	0.961206282	1.00657636	0.504513651
526	0.845916264	0.714457627	0.749173599	0.986149574	1.083039062	0.495645366
528	0.944063846	0.74635376	0.739063064	1.00390397	1.156884021	0.489651629
530	1.049165057	0.783031692	0.731731139	1.017846072	1.227079398	0.483902534
532	1.149449432	0.824680512	0.726339401	1.028121111	1.293615899	0.476379783
534	1.236007632	0.869519797	0.720644733	1.031606637	1.347296586	0.468184265
536	1.306268262	0.919945399	0.713422764	1.032478018	1.382357113	0.460783834
538	1.363780572	0.973039519	0.703436479	1.026995577	1.39445647	0.452771798
540	1.395760024	1.030657649	0.689374643	1.016974691	1.38554353	0.445799491
542	1.40104768	1.087779328	0.670658333	1.001689209	1.354293833	0.436380761
544	1.371675839	1.142535601	0.647022004	0.983571738	1.308719864	0.426900871
546	1.30481959	1.19088758	0.620294237	0.962694892	1.25885465	0.418093747
548	1.215653779	1.230874951	0.591437155	0.942072199	1.213094879	0.408613857
550	1.11996894	1.26191911	0.561582765	0.923155962	1.173826718	0.399378608
552	1.024573837	1.281462024	0.532600883	0.904312339	1.145877568	0.393079068
554	0.948844466	1.29099092	0.507308054	0.89182254	1.134717814	0.385800959
556	0.891694324	1.28884789	0.487400361	0.88140227	1.144316867	0.379134455
558	0.852652592	1.273123614	0.471920081	0.872252766	1.163596594	0.3733242
560	0.828025155	1.23879622	0.46047467	0.855115599	1.173725178	0.36812555
562	0.817956879	1.190687873	0.45343688	0.832895373	1.176046987	0.363783149
564	0.835630687	1.14224242	0.450338294	0.811909605	1.184821256	0.359624229
566	0.893686249	1.106411501	0.451142628	0.791904141	1.221297147	0.35760593
568	1.002409143	1.08072844	0.454230765	0.777126965	1.269721082	0.356994324
570	1.126451751	1.051886791	0.458366242	0.755814428	1.288788462	0.355098346
572	1.256361484	1.012623207	0.462005264	0.720450867	1.252409442	0.355404149
574	1.366641701	0.967125298	0.464783324	0.685559304	1.165947565	0.355709952
576	1.43099899	0.923925509	0.46616823	0.64533053	1.054262429	0.356994324
578	1.405900734	0.881319905	0.464595297	0.60876882	0.917085976	0.358217536
580	1.276534253	0.843676687	0.460770446	0.569847118	0.785199409	0.360235835
582	1.110588784	0.804044125	0.452589655	0.538078005	0.650646002	0.360296996
584	0.849211994	0.764138194	0.441651696	0.495126164	0.534714076	0.361703689
586	0.653351432	0.721011348	0.428517898	0.461360136	0.433527124	0.359868872
588	0.482516692	0.673587821	0.415695826	0.429010102	0.361616432	0.359318426
590	0.355794039	0.6154697	0.401714261	0.396877913	0.298429577	0.359930032
592	0.255292364	0.554132787	0.388687121	0.365399261	0.250785954	0.363416186
594	0.194882708	0.494734935	0.378166996	0.340238123	0.216436093	0.365189842
596	0.155551242	0.435532548	0.36979048	0.31798159	0.192378713	0.367880908
598	0.124730728	0.375396044	0.36229582	0.294526908	0.171492492	0.371856346
600	0.10307307	0.32078212	0.355956806	0.273214372	0.154237274	0.375831784
602	0.088332824	0.277532047	0.351435928	0.255133208	0.143090124	0.378217047
604	0.079858088	0.243470222	0.346960684	0.241663104	0.134847378	0.380418828
606	0.070007113	0.215338907	0.344578468	0.224707475	0.128320599	0.382620609
608	0.066457865	0.191945484	0.342976946	0.215085972	0.122055928	0.38280409
610	0.059359368	0.174411038	0.34260804	0.201325407	0.117894741	0.383538017
612	0.056136071	0.161512501	0.342646527	0.192103288	0.114598837	0.381825521
614	0.053093858	0.151936153	0.345833626	0.183679934	0.112403116	0.378767492
616	0.050775982	0.143642365	0.350909785	0.175837502	0.109448282	0.374486251
618	0.048784056	0.135749422	0.357597362	0.168684913	0.106153042	0.367636266
620	0.047407817	0.128849381	0.365637958	0.161968015	0.1027304	0.359807711
622	0.045415892	0.123106548	0.373489428	0.155142194	0.100681989	0.350694784
624	0.04498129	0.118061295	0.380437052	0.150640057	0.0983582	0.339502397
626	0.044003436	0.11266265	0.385590181	0.14628315	0.095678745	0.328310011
628	0.042880715	0.107696717	0.389280333	0.142361934	0.093135318	0.315038164
630	0.041866644	0.102784608	0.39	0.138985331	0.090319832	0.301460515
632	0.041504476	0.098019097	0.387125726	0.136117034	0.086063094	0.28623153
634	0.039983369	0.092937727	0.379626666	0.132921969	0.081491829	0.27161415
636	0.038788214	0.087897433	0.366579733	0.129472751	0.079083767	0.256079362
638	0.036687639	0.08273462	0.347661652	0.126459223	0.075674394	0.240544574
640	0.036615205	0.07832746	0.322659109	0.124825383	0.070610104	0.226171837
642	0.034080028	0.073696509	0.294412288	0.122211239	0.065608189	0.213389275
644	0.032377837	0.069514559	0.263419294	0.120214324	0.062665962	0.197365202
646	0.029770226	0.065066324	0.231133207	0.115675879	0.059536612	0.18354291
648	0.027198832	0.061602494	0.199526654	0.112480814	0.057021719	0.170515706
650	0.024953389	0.057736403	0.170984049	0.109539902	0.055047625	0.157671984
652	0.023251198	0.052767637	0.146416382	0.105473455	0.050723206	0.145134064
654	0.018760313	0.045890265	0.122720128	0.099918399	0.047250799	0.134125159
656	0.021114406	0.04531166	0.105889578	0.099664246	0.049512209	0.135470692
658	0.018543012	0.048194758	0.093733843	0.098429789	0.053402658	0.122504648
660	0.020027901	0.049611874	0.085159952	0.098575019	0.053548642	0.11742832
662	0.01799976	0.045636723	0.074173612	0.093927652	0.051138594	0.111740386
664	0.019991685	0.042849937	0.064587022	0.093891344	0.050632297	0.105685488
666	0.018398145	0.040364137	0.05602523	0.090006436	0.04919768	0.101832371
668	0.018398145	0.037573102	0.048519573	0.088626748	0.047849989	0.094615422
670	0.016551087	0.03429553	0.041231632	0.083434768	0.045971452	0.086603386
672	0.015935401	0.030763005	0.035224138	0.081510467	0.046126061	0.084156963
674	0.014414294	0.028098029	0.031975462	0.077916019	0.04686792	0.080426167
676	0.016877038	0.025774409	0.030362393	0.077952326	0.047235532	0.077001174
678	0.016695954	0.023804182	0.028161606	0.07566495	0.046256118	0.07443243
680	0.016551087	0.021200113	0.025485256	0.074067418	0.045878551	0.070762795
682	0.015102414	0.018114465	0.023283919	0.07105389	0.04367686	0.068377532
684	0.015102414	0.015210117	0.021689544	0.06912959	0.042919075	0.064402094
686	0.014269427	0.012851795	0.020423391	0.066733291	0.043145348	0.061772189
688	0.015464582	0.011023918	0.019934083	0.06615237	0.044195762	0.060487817
690	0.014957547	0.009312186	0.019640498	0.063756071	0.043276069	0.059386926
692	0.013979693	0.007246353	0.019249601	0.062848382	0.043238909	0.057919072
694	0.014160777	0.005015508	0.019476112	0.059580702	0.042477142	0.055289167
696	0.013979693	0.003112561	0.019307328	0.058455168	0.041929705	0.054249437
698	0.014160777	0.001770621	0.018782303	0.056095177	0.041697502	0.052842744
700	0.01412456	0	0.019044806	0.056276714	0.040733638	0.052598102
