time	abs
5.96	-0.04
5.963333	-0.04
5.966667	-0.04
5.97	-0.04
5.973333	-0.04
5.976667	-0.04
5.98	-0.04
5.983333	-0.04
5.986667	-0.04
5.99	-0.04
5.993333	-0.03
5.996667	-0.03
6	-0.03
6.003333	-0.04
6.006667	-0.03
6.01	-0.03
6.013333	-0.03
6.016667	-0.03
6.02	-0.02
6.023333	-0.02
6.026667	-0.02
6.03	-0.01
6.033333	-0.01
6.036667	0.00
6.04	0.00
6.043333	0.01
6.046667	0.01
6.05	0.01
6.053333	0.01
6.056667	0.01
6.06	0.01
6.063333	0.02
6.066667	0.02
6.07	0.03
6.073333	0.04
6.076667	0.04
6.08	0.05
6.083333	0.05
6.086667	0.06
6.09	0.06
6.093333	0.07
6.096667	0.08
6.1	0.09
6.103333	0.09
6.106667	0.10
6.11	0.10
6.113333	0.11
6.116667	0.12
6.12	0.12
6.123333	0.13
6.126667	0.14
6.13	0.15
6.133333	0.16
6.136667	0.17
6.14	0.18
6.143333	0.20
6.146667	0.21
6.15	0.22
6.153333	0.24
6.156667	0.25
6.16	0.26
6.163333	0.28
6.166667	0.29
6.17	0.31
6.173333	0.33
6.176667	0.35
6.18	0.37
6.183333	0.38
6.186667	0.40
6.19	0.42
6.193333	0.44
6.196667	0.45
6.2	0.48
6.203333	0.50
6.206667	0.52
6.21	0.54
6.213333	0.56
6.216667	0.59
6.22	0.62
6.223333	0.65
6.226667	0.68
6.23	0.71
6.233333	0.74
6.236667	0.77
6.24	0.80
6.243333	0.84
6.246667	0.88
6.25	0.91
6.253333	0.95
6.256667	0.99
6.26	1.02
6.263333	1.07
6.266667	1.11
6.27	1.15
6.273333	1.20
6.276667	1.25
6.28	1.30
6.283333	1.35
6.286667	1.40
6.29	1.45
6.293333	1.51
6.296667	1.57
6.3	1.64
6.303333	1.70
6.306667	1.77
6.31	1.84
6.313333	1.91
6.316667	1.99
6.32	2.07
6.323333	2.14
6.326667	2.23
6.33	2.31
6.333333	2.40
6.336667	2.49
6.34	2.58
6.343333	2.67
6.346667	2.77
6.35	2.87
6.353333	2.97
6.356667	3.08
6.36	3.19
6.363333	3.30
6.366667	3.41
6.37	3.53
6.373333	3.65
6.376667	3.78
6.38	3.91
6.383333	4.05
6.386667	4.19
6.39	4.34
6.393333	4.49
6.396667	4.64
6.4	4.80
6.403333	4.96
6.406667	5.13
6.41	5.30
6.413333	5.48
6.416667	5.66
6.42	5.85
6.423333	6.04
6.426667	6.24
6.43	6.44
6.433333	6.65
6.436667	6.87
6.44	7.09
6.443333	7.32
6.446667	7.56
6.45	7.80
6.453333	8.05
6.456667	8.31
6.46	8.57
6.463333	8.84
6.466667	9.12
6.47	9.40
6.473333	9.69
6.476667	9.99
6.48	10.30
6.483333	10.61
6.486667	10.93
6.49	11.27
6.493333	11.60
6.496667	11.95
6.5	12.31
6.503333	12.68
6.506667	13.06
6.51	13.45
6.513333	13.85
6.516667	14.26
6.52	14.68
6.523333	15.12
6.526667	15.56
6.53	16.02
6.533333	16.49
6.536667	16.97
6.54	17.47
6.543333	17.98
6.546667	18.50
6.55	19.03
6.553333	19.58
6.556667	20.14
6.56	20.71
6.563333	21.30
6.566667	21.90
6.57	22.51
6.573333	23.14
6.576667	23.78
6.58	24.44
6.583333	25.11
6.586667	25.80
6.59	26.51
6.593333	27.23
6.596667	27.96
6.6	28.72
6.603333	29.48
6.606667	30.27
6.61	31.08
6.613333	31.91
6.616667	32.76
6.62	33.63
6.623333	34.52
6.626667	35.42
6.63	36.35
6.633333	37.29
6.636667	38.26
6.64	39.25
6.643333	40.25
6.646667	41.29
6.65	42.35
6.653333	43.43
6.656667	44.53
6.66	45.66
6.663333	46.80
6.666667	47.97
6.67	49.16
6.673333	50.37
6.676667	51.61
6.68	52.87
6.683333	54.16
6.686667	55.48
6.69	56.82
6.693333	58.19
6.696667	59.59
6.7	61.01
6.703333	62.46
6.706667	63.94
6.71	65.44
6.713333	66.98
6.716667	68.55
6.72	70.16
6.723333	71.79
6.726667	73.45
6.73	75.14
6.733333	76.86
6.736667	78.62
6.74	80.41
6.743333	82.24
6.746667	84.10
6.75	85.99
6.753333	87.92
6.756667	89.88
6.76	91.88
6.763333	93.91
6.766667	95.99
6.77	98.10
6.773333	100.24
6.776667	102.43
6.78	104.65
6.783333	106.91
6.786667	109.21
6.79	111.55
6.793333	113.93
6.796667	116.35
6.8	118.82
6.803333	121.32
6.806667	123.87
6.81	126.45
6.813333	129.07
6.816667	131.74
6.82	134.44
6.823333	137.19
6.826667	139.99
6.83	142.83
6.833333	145.71
6.836667	148.65
6.84	151.62
6.843333	154.64
6.846667	157.71
6.85	160.82
6.853333	163.98
6.856667	167.18
6.86	170.43
6.863333	173.73
6.866667	177.07
6.87	180.46
6.873333	183.89
6.876667	187.37
6.88	190.90
6.883333	194.48
6.886667	198.11
6.89	201.79
6.893333	205.52
6.896667	209.29
6.9	213.12
6.903333	216.99
6.906667	220.92
6.91	224.89
6.913333	228.91
6.916667	232.98
6.92	237.10
6.923333	241.26
6.926667	245.47
6.93	249.73
6.933333	254.05
6.936667	258.42
6.94	262.84
6.943333	267.31
6.946667	271.84
6.95	276.42
6.953333	281.05
6.956667	285.73
6.96	290.47
6.963333	295.26
6.966667	300.11
6.97	305.02
6.973333	309.98
6.976667	315.01
6.98	320.10
6.983333	325.25
6.986667	330.46
6.99	335.73
6.993333	341.05
6.996667	346.43
7	351.86
7.003333	357.33
7.006667	362.86
7.01	368.43
7.013333	374.06
7.016667	379.74
7.02	385.47
7.023333	391.26
7.026667	397.09
7.03	402.97
7.033333	408.88
7.036667	414.84
7.04	420.85
7.043333	426.90
7.046667	432.99
7.05	439.15
7.053333	445.35
7.056667	451.62
7.06	457.94
7.063333	464.32
7.066667	470.77
7.07	477.26
7.073333	483.80
7.076667	490.39
7.08	497.02
7.083333	503.70
7.086667	510.42
7.09	517.20
7.093333	524.02
7.096667	530.88
7.1	537.79
7.103333	544.73
7.106667	551.72
7.11	558.74
7.113333	565.80
7.116667	572.89
7.12	580.03
7.123333	587.21
7.126667	594.42
7.13	601.68
7.133333	608.98
7.136667	616.32
7.14	623.70
7.143333	631.12
7.146667	638.57
7.15	646.05
7.153333	653.56
7.156667	661.11
7.16	668.69
7.163333	676.30
7.166667	683.93
7.17	691.58
7.173333	699.26
7.176667	706.97
7.18	714.69
7.183333	722.45
7.186667	730.23
7.19	738.04
7.193333	745.90
7.196667	753.79
7.2	761.71
7.203333	769.66
7.206667	777.64
7.21	785.64
7.213333	793.67
7.216667	801.72
7.22	809.77
7.223333	817.84
7.226667	825.92
7.23	834.00
7.233333	842.10
7.236667	850.21
7.24	858.33
7.243333	866.46
7.246667	874.61
7.25	882.78
7.253333	890.96
7.256667	899.14
7.26	907.33
7.263333	915.52
7.266667	923.71
7.27	931.90
7.273333	940.10
7.276667	948.30
7.28	956.50
7.283333	964.70
7.286667	972.88
7.29	981.06
7.293333	989.22
7.296667	997.38
7.3	1005.53
7.303333	1013.69
7.306667	1021.84
7.31	1029.98
7.313333	1038.11
7.316667	1046.22
7.32	1054.30
7.323333	1062.36
7.326667	1070.40
7.33	1078.42
7.333333	1086.43
7.336667	1094.43
7.34	1102.40
7.343333	1110.34
7.346667	1118.27
7.35	1126.16
7.353333	1134.04
7.356667	1141.89
7.36	1149.72
7.363333	1157.53
7.366667	1165.31
7.37	1173.05
7.373333	1180.76
7.376667	1188.43
7.38	1196.07
7.383333	1203.67
7.386667	1211.23
7.39	1218.76
7.393333	1226.24
7.396667	1233.69
7.4	1241.11
7.403333	1248.51
7.406667	1255.88
7.41	1263.21
7.413333	1270.51
7.416667	1277.77
7.42	1284.99
7.423333	1292.17
7.426667	1299.31
7.43	1306.42
7.433333	1313.49
7.436667	1320.52
7.44	1327.51
7.443333	1334.46
7.446667	1341.35
7.45	1348.19
7.453333	1354.96
7.456667	1361.68
7.46	1368.34
7.463333	1374.96
7.466667	1381.54
7.47	1388.08
7.473333	1394.57
7.476667	1401.01
7.48	1407.38
7.483333	1413.69
7.486667	1419.94
7.49	1426.13
7.493333	1432.28
7.496667	1438.37
7.5	1444.40
7.503333	1450.39
7.506667	1456.33
7.51	1462.21
7.513333	1468.05
7.516667	1473.82
7.52	1479.54
7.523333	1485.20
7.526667	1490.80
7.53	1496.34
7.533333	1501.82
7.536667	1507.24
7.54	1512.61
7.543333	1517.95
7.546667	1523.23
7.55	1528.46
7.553333	1533.61
7.556667	1538.70
7.56	1543.71
7.563333	1548.65
7.566667	1553.53
7.57	1558.35
7.573333	1563.12
7.576667	1567.83
7.58	1572.47
7.583333	1577.06
7.586667	1581.60
7.59	1586.09
7.593333	1590.53
7.596667	1594.91
7.6	1599.23
7.603333	1603.49
7.606667	1607.69
7.61	1611.80
7.613333	1615.85
7.616667	1619.84
7.62	1623.77
7.623333	1627.65
7.626667	1631.47
7.63	1635.22
7.633333	1638.92
7.636667	1642.57
7.64	1646.18
7.643333	1649.74
7.646667	1653.28
7.65	1656.77
7.653333	1660.20
7.656667	1663.56
7.66	1666.85
7.663333	1670.08
7.666667	1673.26
7.67	1676.39
7.673333	1679.47
7.676667	1682.49
7.68	1685.46
7.683333	1688.37
7.686667	1691.22
7.69	1694.02
7.693333	1696.76
7.696667	1699.44
7.7	1702.06
7.703333	1704.63
7.706667	1707.15
7.71	1709.62
7.713333	1712.05
7.716667	1714.44
7.72	1716.79
7.723333	1719.11
7.726667	1721.39
7.73	1723.63
7.733333	1725.79
7.736667	1727.87
7.74	1729.88
7.743333	1731.85
7.746667	1733.80
7.75	1735.74
7.753333	1737.67
7.756667	1739.56
7.76	1741.40
7.763333	1743.18
7.766667	1744.89
7.77	1746.54
7.773333	1748.13
7.776667	1749.67
7.78	1751.17
7.783333	1752.63
7.786667	1754.06
7.79	1755.47
7.793333	1756.84
7.796667	1758.17
7.8	1759.46
7.803333	1760.73
7.806667	1761.96
7.81	1763.14
7.813333	1764.29
7.816667	1765.39
7.82	1766.48
7.823333	1767.55
7.826667	1768.59
7.83	1769.56
7.833333	1770.48
7.836667	1771.35
7.84	1772.16
7.843333	1772.92
7.846667	1773.65
7.85	1774.36
7.853333	1775.04
7.856667	1775.71
7.86	1776.34
7.863333	1776.95
7.866667	1777.52
7.87	1778.07
7.873333	1778.61
7.876667	1779.12
7.88	1779.59
7.883333	1780.03
7.886667	1780.44
7.89	1780.81
7.893333	1781.17
7.896667	1781.51
7.9	1781.82
7.903333	1782.11
7.906667	1782.37
7.91	1782.59
7.913333	1782.77
7.916667	1782.90
7.92	1783.00
7.923333	1783.09
7.926667	1783.17
7.93	1783.25
7.933333	1783.31
7.936667	1783.34
7.94	1783.33
7.943333	1783.29
7.946667	1783.23
7.95	1783.16
7.953333	1783.07
7.956667	1782.96
7.96	1782.83
7.963333	1782.67
7.966667	1782.47
7.97	1782.23
7.973333	1781.95
7.976667	1781.66
7.98	1781.37
7.983333	1781.08
7.986667	1780.78
7.99	1780.43
7.993333	1780.04
7.996667	1779.62
8	1779.19
8.003333	1778.77
8.006667	1778.36
8.01	1777.95
8.013333	1777.51
8.016667	1777.04
8.02	1776.50
8.023333	1775.92
8.026667	1775.31
8.03	1774.71
8.033333	1774.11
8.036667	1773.52
8.04	1772.92
8.043333	1772.30
8.046667	1771.67
8.05	1771.00
8.053333	1770.29
8.056667	1769.53
8.06	1768.76
8.063333	1767.99
8.066667	1767.20
8.07	1766.38
8.073333	1765.52
8.076667	1764.62
8.08	1763.71
8.083333	1762.78
8.086667	1761.84
8.09	1760.91
8.093333	1760.00
8.096667	1759.10
8.1	1758.18
8.103333	1757.22
8.106667	1756.22
8.11	1755.21
8.113333	1754.18
8.116667	1753.15
8.12	1752.08
8.123333	1750.99
8.126667	1749.87
8.13	1748.72
8.133333	1747.55
8.136667	1746.36
8.14	1745.15
8.143333	1743.92
8.146667	1742.66
8.15	1741.39
8.153333	1740.10
8.156667	1738.79
8.16	1737.45
8.163333	1736.09
8.166667	1734.70
8.17	1733.29
8.173333	1731.84
8.176667	1730.35
8.18	1728.86
8.183333	1727.37
8.186667	1725.88
8.19	1724.40
8.193333	1722.91
8.196667	1721.41
8.2	1719.88
8.203333	1718.33
8.206667	1716.74
8.21	1715.11
8.213333	1713.41
8.216667	1711.67
8.22	1709.89
8.223333	1708.10
8.226667	1706.32
8.23	1704.55
8.233333	1702.78
8.236667	1700.98
8.24	1699.15
8.243333	1697.27
8.246667	1695.34
8.25	1693.39
8.253333	1691.43
8.256667	1689.48
8.26	1687.52
8.263333	1685.53
8.266667	1683.50
8.27	1681.41
8.273333	1679.29
8.276667	1677.13
8.28	1674.95
8.283333	1672.74
8.286667	1670.51
8.29	1668.25
8.293333	1665.96
8.296667	1663.63
8.3	1661.25
8.303333	1658.85
8.306667	1656.44
8.31	1654.00
8.313333	1651.54
8.316667	1649.02
8.32	1646.44
8.323333	1643.79
8.326667	1641.10
8.33	1638.39
8.333333	1635.67
8.336667	1632.92
8.34	1630.13
8.343333	1627.30
8.346667	1624.43
8.35	1621.51
8.353333	1618.55
8.356667	1615.53
8.36	1612.48
8.363333	1609.38
8.366667	1606.27
8.37	1603.13
8.373333	1599.98
8.376667	1596.79
8.38	1593.56
8.383333	1590.28
8.386667	1586.95
8.39	1583.58
8.393333	1580.16
8.396667	1576.71
8.4	1573.21
8.403333	1569.65
8.406667	1566.04
8.41	1562.38
8.413333	1558.66
8.416667	1554.89
8.42	1551.08
8.423333	1547.22
8.426667	1543.32
8.43	1539.37
8.433333	1535.39
8.436667	1531.37
8.44	1527.28
8.443333	1523.12
8.446667	1518.91
8.45	1514.65
8.453333	1510.34
8.456667	1505.99
8.46	1501.59
8.463333	1497.14
8.466667	1492.65
8.47	1488.09
8.473333	1483.47
8.476667	1478.79
8.48	1474.05
8.483333	1469.27
8.486667	1464.45
8.49	1459.57
8.493333	1454.64
8.496667	1449.66
8.5	1444.62
8.503333	1439.51
8.506667	1434.35
8.51	1429.13
8.513333	1423.87
8.516667	1418.55
8.52	1413.18
8.523333	1407.74
8.526667	1402.26
8.53	1396.72
8.533333	1391.13
8.536667	1385.48
8.54	1379.78
8.543333	1374.01
8.546667	1368.17
8.55	1362.26
8.553333	1356.28
8.556667	1350.24
8.56	1344.14
8.563333	1337.98
8.566667	1331.75
8.57	1325.47
8.573333	1319.15
8.576667	1312.78
8.58	1306.37
8.583333	1299.92
8.586667	1293.42
8.59	1286.85
8.593333	1280.22
8.596667	1273.53
8.6	1266.76
8.603333	1259.95
8.606667	1253.07
8.61	1246.14
8.613333	1239.16
8.616667	1232.12
8.62	1225.03
8.623333	1217.88
8.626667	1210.68
8.63	1203.44
8.633333	1196.17
8.636667	1188.85
8.64	1181.49
8.643333	1174.09
8.646667	1166.64
8.65	1159.14
8.653333	1151.59
8.656667	1143.99
8.66	1136.35
8.663333	1128.68
8.666667	1120.96
8.67	1113.20
8.673333	1105.39
8.676667	1097.54
8.68	1089.65
8.683333	1081.74
8.686667	1073.80
8.69	1065.84
8.693333	1057.86
8.696667	1049.85
8.7	1041.81
8.703333	1033.73
8.706667	1025.62
8.71	1017.49
8.713333	1009.33
8.716667	1001.16
8.72	992.98
8.723333	984.80
8.726667	976.61
8.73	968.42
8.733333	960.20
8.736667	951.96
8.74	943.68
8.743333	935.38
8.746667	927.06
8.75	918.73
8.753333	910.38
8.756667	902.03
8.76	893.67
8.763333	885.31
8.766667	876.95
8.77	868.60
8.773333	860.24
8.776667	851.89
8.78	843.53
8.783333	835.17
8.786667	826.81
8.79	818.45
8.793333	810.10
8.796667	801.76
8.8	793.43
8.803333	785.12
8.806667	776.81
8.81	768.53
8.813333	760.26
8.816667	752.00
8.82	743.75
8.823333	735.52
8.826667	727.32
8.83	719.15
8.833333	711.01
8.836667	702.90
8.84	694.82
8.843333	686.76
8.846667	678.72
8.85	670.71
8.853333	662.71
8.856667	654.73
8.86	646.77
8.863333	638.83
8.866667	630.91
8.87	623.01
8.873333	615.15
8.876667	607.31
8.88	599.50
8.883333	591.73
8.886667	583.99
8.89	576.28
8.893333	568.61
8.896667	560.98
8.9	553.38
8.903333	545.83
8.906667	538.32
8.91	530.85
8.913333	523.43
8.916667	516.06
8.92	508.73
8.923333	501.45
8.926667	494.22
8.93	487.04
8.933333	479.90
8.936667	472.81
8.94	465.78
8.943333	458.80
8.946667	451.87
8.95	445.00
8.953333	438.19
8.956667	431.43
8.96	424.72
8.963333	418.07
8.966667	411.49
8.97	404.96
8.973333	398.50
8.976667	392.11
8.98	385.80
8.983333	379.55
8.986667	373.37
8.99	367.25
8.993333	361.20
8.996667	355.22
9	349.30
9.003333	343.44
9.006667	337.66
9.01	331.96
9.013333	326.32
9.016667	320.76
9.02	315.27
9.023333	309.86
9.026667	304.53
9.03	299.27
9.033333	294.09
9.036667	288.99
9.04	283.97
9.043333	279.03
9.046667	274.18
9.05	269.41
9.053333	264.71
9.056667	260.08
9.06	255.54
9.063333	251.06
9.066667	246.65
9.07	242.32
9.073333	238.05
9.076667	233.85
9.08	229.72
9.083333	225.66
9.086667	221.67
9.09	217.75
9.093333	213.89
9.096667	210.10
9.1	206.38
9.103333	202.71
9.106667	199.11
9.11	195.56
9.113333	192.06
9.116667	188.61
9.12	185.23
9.123333	181.89
9.126667	178.61
9.13	175.39
9.133333	172.21
9.136667	169.08
9.14	166.00
9.143333	162.96
9.146667	159.96
9.15	157.01
9.153333	154.10
9.156667	151.22
9.16	148.39
9.163333	145.59
9.166667	142.83
9.17	140.11
9.173333	137.42
9.176667	134.77
9.18	132.16
9.183333	129.58
9.186667	127.03
9.19	124.51
9.193333	122.03
9.196667	119.59
9.2	117.17
9.203333	114.79
9.206667	112.44
9.21	110.11
9.213333	107.82
9.216667	105.55
9.22	103.31
9.223333	101.10
9.226667	98.92
9.23	96.76
9.233333	94.63
9.236667	92.52
9.24	90.44
9.243333	88.40
9.246667	86.38
9.25	84.41
9.253333	82.46
9.256667	80.55
9.26	78.66
9.263333	76.81
9.266667	74.99
9.27	73.20
9.273333	71.44
9.276667	69.71
9.28	68.01
9.283333	66.35
9.286667	64.71
9.29	63.10
9.293333	61.53
9.296667	59.98
9.3	58.48
9.303333	57.00
9.306667	55.55
9.31	54.14
9.313333	52.75
9.316667	51.40
9.32	50.07
9.323333	48.78
9.326667	47.52
9.33	46.30
9.333333	45.10
9.336667	43.94
9.34	42.80
9.343333	41.70
9.346667	40.62
9.35	39.58
9.353333	38.57
9.356667	37.58
9.36	36.63
9.363333	35.70
9.366667	34.81
9.37	33.94
9.373333	33.10
9.376667	32.29
9.38	31.51
9.383333	30.75
9.386667	30.02
9.39	29.31
9.393333	28.63
9.396667	27.97
9.4	27.34
9.403333	26.73
9.406667	26.15
9.41	25.59
9.413333	25.05
9.416667	24.53
9.42	24.03
9.423333	23.56
9.426667	23.10
9.43	22.67
9.433333	22.25
9.436667	21.85
9.44	21.47
9.443333	21.11
9.446667	20.76
9.45	20.43
9.453333	20.12
9.456667	19.82
9.46	19.53
9.463333	19.25
9.466667	19.00
9.47	18.75
9.473333	18.52
9.476667	18.30
9.48	18.08
9.483333	17.88
9.486667	17.69
9.49	17.50
9.493333	17.33
9.496667	17.16
9.5	17.00
9.503333	16.85
9.506667	16.70
9.51	16.55
9.513333	16.41
9.516667	16.27
9.52	16.14
9.523333	16.01
9.526667	15.89
9.53	15.76
9.533333	15.64
9.536667	15.53
9.54	15.41
9.543333	15.30
9.546667	15.18
9.55	15.07
9.553333	14.96
9.556667	14.85
9.56	14.74
9.563333	14.63
9.566667	14.52
9.57	14.41
9.573333	14.29
9.576667	14.17
9.58	14.06
9.583333	13.94
9.586667	13.82
9.59	13.70
9.593333	13.58
9.596667	13.46
9.6	13.34
9.603333	13.21
9.606667	13.08
9.61	12.95
9.613333	12.83
9.616667	12.70
9.62	12.57
9.623333	12.44
9.626667	12.31
9.63	12.18
9.633333	12.05
9.636667	11.91
9.64	11.78
9.643333	11.64
9.646667	11.51
9.65	11.37
9.653333	11.24
9.656667	11.10
9.66	10.96
9.663333	10.83
9.666667	10.69
9.67	10.56
9.673333	10.43
9.676667	10.30
9.68	10.17
9.683333	10.04
9.686667	9.91
9.69	9.78
9.693333	9.65
9.696667	9.53
9.7	9.40
9.703333	9.28
9.706667	9.16
9.71	9.04
9.713333	8.93
9.716667	8.82
9.72	8.71
9.723333	8.60
9.726667	8.50
9.73	8.39
9.733333	8.29
9.736667	8.19
9.74	8.09
9.743333	8.00
9.746667	7.90
9.75	7.81
9.753333	7.72
9.756667	7.63
9.76	7.55
9.763333	7.47
9.766667	7.40
9.77	7.32
9.773333	7.25
9.776667	7.18
9.78	7.11
9.783333	7.04
9.786667	6.98
9.79	6.92
9.793333	6.86
9.796667	6.80
9.8	6.74
9.803333	6.69
9.806667	6.64
9.81	6.58
9.813333	6.53
9.816667	6.48
9.82	6.44
9.823333	6.39
9.826667	6.35
9.83	6.30
9.833333	6.26
9.836667	6.22
9.84	6.18
9.843333	6.14
9.846667	6.10
9.85	6.06
9.853333	6.03
9.856667	5.99
9.86	5.96
9.863333	5.92
9.866667	5.89
9.87	5.85
9.873333	5.82
9.876667	5.79
9.88	5.76
9.883333	5.73
9.886667	5.70
9.89	5.68
9.893333	5.65
9.896667	5.62
9.9	5.59
9.903333	5.55
9.906667	5.52
9.91	5.49
9.913333	5.46
9.916667	5.43
9.92	5.40
9.923333	5.37
9.926667	5.33
9.93	5.31
9.933333	5.28
9.936667	5.25
9.94	5.23
9.943333	5.20
9.946667	5.17
9.95	5.14
9.953333	5.11
9.956667	5.08
9.96	5.05
9.963333	5.02
9.966667	5.00
9.97	4.97
9.973333	4.93
9.976667	4.90
9.98	4.87
9.983333	4.84
9.986667	4.81
9.99	4.79
9.993333	4.76
9.996667	4.73
10	4.71
10.003333	4.68
10.006667	4.66
10.01	4.63
10.013333	4.60
10.016667	4.57
10.02	4.54
10.023333	4.51
10.026667	4.48
10.03	4.46
10.033333	4.43
10.036667	4.41
10.04	4.38
10.043333	4.35
10.046667	4.33
10.05	4.30
10.053333	4.28
10.056667	4.25
10.06	4.23
10.063333	4.20
